0.877562,0.857077,0.85789,0.830143,0.829732,0.790772,0.717964,0.773841,0.741608,0.747929,0.702869,0.728662,0.671936,0.689125,0.671965,0.639653,0.63158,0.628073,0.612401,0.62332,0.566915,0.576889,0.541971,0.560236,0.526579,0.502804,0.489784,0.481244,0.465432,0.424706,0.417813,0.404185,0.389802,0.3505,0.259748,0.18928,0.222052,0.179213,0.158748,0.132151,0.122047,0.0938939,0.130725,0.0651251,0.061731,0.0541569,0.0848298,0.0710578,0.0472928,0.061328,0.0752266,0.0537456,0.0687027,0.0842378,0.0752761,0.100252,0.0742617,0.0922163,0.209712,0.234957,0.205686,0.215705,0.230462,0.360435,0.33299
0.854903,0.85088,0.809305,0.831645,0.789543,0.800256,0.797028,0.779614,0.727344,0.723546,0.72334,0.72643,0.669984,0.686575,0.633358,0.641446,0.61723,0.609697,0.578533,0.5797,0.538662,0.574774,0.556184,0.534208,0.51895,0.516639,0.489769,0.497616,0.460378,0.484115,0.403066,0.384158,0.301693,0.31147,0.24678,0.203659,0.187809,0.151194,0.118381,0.150623,0.0818606,0.119352,0.0974898,0.0606268,0.0743808,0.0501715,0.0463325,0.0544287,0.0568059,0.0535841,0.0416207,0.0316824,0.0869037,0.0665079,0.0642499,0.078875,0.131642,0.101123,0.11698,0.186557,0.173263,0.232871,0.16126,0.103651,0.367404
0.837506,0.846893,0.824184,0.792445,0.784254,0.785106,0.782091,0.759691,0.765284,0.725702,0.707144,0.700884,0.731143,0.65757,0.657961,0.593083,0.618677,0.606446,0.604262,0.579741,0.590096,0.563921,0.557515,0.532556,0.527673,0.510116,0.513692,0.473935,0.443682,0.421054,0.454043,0.402649,0.358654,0.303688,0.277933,0.233412,0.205006,0.174843,0.135658,0.138573,0.108389,0.104035,0.0595388,0.0747932,0.0625489,0.054301,0.0533287,0.0571435,0.0576244,0.0456902,0.0417854,0.073073,0.0370328,0.0670408,0.0846041,0.0913519,0.0982281,0.166853,0.174932,0.193223,0.137113,0.116127,0.265021,0.127862,0.414205
0.824541,0.857998,0.813946,0.803151,0.785928,0.771301,0.765581,0.784035,0.724764,0.711455,0.673816,0.703671,0.683052,0.655017,0.663103,0.645971,0.585833,0.62134,0.66617,0.5893,0.615493,0.555139,0.535126,0.495901,0.543402,0.540215,0.477986,0.479404,0.478139,0.437594,0.423897,0.391963,0.339513,0.331872,0.261472,0.224868,0.165399,0.16083,0.150986,0.138536,0.111658,0.0956383,0.0992024,0.0666444,0.057782,0.072181,0.0759524,0.0576939,0.0662749,0.0570582,0.0568178,0.0548282,0.0794898,0.0558934,0.0624063,0.0461007,0.0805504,0.131969,0.134956,0.188029,0.140498,0.195668,0.260033,0.292671,0.246617
0.816445,0.794268,0.805249,0.830565,0.816695,0.757727,0.765095,0.787777,0.742667,0.71315,0.683659,0.713723,0.638236,0.631899,0.634153,0.601865,0.622779,0.591221,0.601517,0.575831,0.555683,0.581609,0.573614,0.574323,0.552934,0.544659,0.543108,0.457993,0.467804,0.470454,0.421405,0.381123,0.360524,0.319986,0.27633,0.220729,0.164432,0.17678,0.177522,0.133041,0.0933084,0.122862,0.0908818,0.0776636,0.0677041,0.0732472,0.0595157,0.0335225,0.0597616,0.0303774,0.0601164,0.0490012,0.0701732,0.0618122,0.0913579,0.130241,0.114025,0.0759721,0.0998489,0.195602,0.175592,0.140601,0.158356,0.189456,0.246988
0.799958,0.800694,0.833857,0.783447,0.788485,0.755889,0.706712,0.751464,0.714692,0.705164,0.704177,0.677578,0.641595,0.656147,0.631277,0.598007,0.604625,0.622156,0.602051,0.544784,0.601267,0.518093,0.542579,0.508718,0.548207,0.531369,0.531719,0.502021,0.465459,0.421833,0.431851,0.380961,0.316367,0.335059,0.248824,0.233576,0.200273,0.173364,0.148157,0.120545,0.121994,0.125412,0.083415,0.0516741,0.069357,0.0445079,0.0615569,0.045638,0.0513908,0.0663619,0.0208735,0.0600608,0.0572813,0.123568,0.0865662,0.0644376,0.0966768,0.0667905,0.141891,0.110055,0.114546,0.181309,0.289211,0.204077,0.350381
0.798282,0.800073,0.772658,0.78214,0.760392,0.728707,0.737381,0.719978,0.714295,0.709864,0.684028,0.676931,0.668006,0.641607,0.617793,0.627404,0.61173,0.58119,0.605735,0.594113,0.572886,0.523373,0.546809,0.526435,0.533485,0.513552,0.511147,0.506935,0.485548,0.423605,0.400727,0.387497,0.352328,0.34308,0.285329,0.235509,0.193197,0.171434,0.132302,0.149129,0.137466,0.14787,0.0933825,0.0878781,0.0814074,0.0835288,0.0696108,0.0235018,0.0433839,0.0572479,0.0620263,0.0517266,0.0303663,0.073864,0.0610602,0.114175,0.0605253,0.0952592,0.0880938,0.203238,0.163574,0.166185,0.215682,0.382661,0.33744
0.793898,0.763933,0.771603,0.754502,0.748847,0.726919,0.729636,0.718357,0.712543,0.687015,0.740477,0.647148,0.676061,0.631875,0.615363,0.581449,0.592651,0.620983,0.575333,0.636066,0.538369,0.542763,0.53298,0.547386,0.550993,0.49587,0.509628,0.525633,0.470503,0.45014,0.454273,0.392133,0.363525,0.328046,0.291771,0.259305,0.227155,0.178384,0.183144,0.158828,0.120426,0.105399,0.0905846,0.0624368,0.10506,0.0726319,0.067659,0.0337539,0.0587327,0.0540651,0.0286552,0.0385699,0.027595,0.0748588,0.0912007,0.116843,0.103119,0.0825832,0.0961803,0.199639,0.162537,0.145659,0.0933477,0.30543,0.143195
0.752021,0.749657,0.77213,0.744369,0.689841,0.725363,0.713395,0.706912,0.694519,0.676912,0.653428,0.668863,0.672101,0.619087,0.620267,0.586616,0.590084,0.602923,0.571655,0.596964,0.576509,0.591876,0.54643,0.552531,0.519947,0.535247,0.466054,0.490204,0.477009,0.482521,0.424802,0.404321,0.346476,0.321102,0.317512,0.216151,0.214848,0.16649,0.170148,0.133273,0.095091,0.111621,0.109316,0.0814179,0.0713317,0.063306,0.0556138,0.0494135,0.049908,0.0283655,0.0509198,0.0516096,0.07195,0.0918742,0.101999,0.0955975,0.107616,0.0855541,0.160205,0.18184,0.176953,0.138748,0.157609,0.162187,0.309899
0.756453,0.71511,0.726997,0.741506,0.712016,0.712588,0.693795,0.665069,0.658132,0.663652,0.67407,0.666238,0.645652,0.636733,0.618561,0.603389,0.59049,0.553687,0.593513,0.588927,0.558167,0.537696,0.532777,0.562854,0.560876,0.48436,0.484241,0.472158,0.47304,0.424967,0.462297,0.404024,0.355358,0.270861,0.277711,0.217026,0.199938,0.176725,0.169467,0.157078,0.105919,0.128043,0.0840835,0.0764964,0.0682467,0.0504638,0.0655573,0.0617464,0.0712829,0.0537684,0.0530628,0.0723426,0.0447382,0.0443259,0.0472152,0.0955069,0.0941751,0.117105,0.103853,0.221332,0.258984,0.137346,0.272555,0.309678,0.341326
0.725866,0.735896,0.6928,0.694019,0.705988,0.679285,0.66424,0.686125,0.663738,0.644686,0.637295,0.611761,0.697211,0.60374,0.618656,0.62697,0.61212,0.582919,0.594463,0.568753,0.556886,0.537506,0.517344,0.553538,0.506918,0.493388,0.491222,0.47251,0.430949,0.434423,0.42004,0.40803,0.348751,0.303221,0.281769,0.247957,0.200159,0.185978,0.161577,0.126875,0.126877,0.12081,0.0745208,0.100455,0.0753222,0.0506421,0.0577525,0.0447317,0.0549918,0.0548207,0.0786546,0.068579,0.050712,0.0787614,0.0244167,0.0510321,0.0843999,0.107935,0.0958019,0.152691,0.123514,0.192309,0.286448,0.229084,0.244809
0.713854,0.696351,0.695014,0.671978,0.671814,0.686227,0.700714,0.653054,0.677525,0.645269,0.618051,0.632063,0.615191,0.615457,0.605342,0.597357,0.566607,0.544197,0.581971,0.548389,0.558842,0.525262,0.529704,0.526617,0.500191,0.532052,0.489356,0.452474,0.423777,0.444844,0.415031,0.351735,0.354134,0.299316,0.251017,0.225393,0.203107,0.18468,0.168005,0.164323,0.126384,0.0992393,0.100653,0.0750771,0.0846165,0.0835201,0.0604562,0.0535119,0.058281,0.0521638,0.066382,0.0561847,0.0710574,0.0703211,0.0545027,0.0832162,0.0882501,0.075942,0.160413,0.136385,0.217281,0.17432,0.123753,0.402288,0.348537
0.694346,0.699688,0.680577,0.701301,0.695285,0.668929,0.663551,0.647428,0.697901,0.642051,0.636721,0.653363,0.589731,0.637552,0.619708,0.590203,0.598085,0.565619,0.587839,0.551189,0.568702,0.546195,0.532756,0.507918,0.539788,0.492174,0.514639,0.506724,0.44346,0.410387,0.381363,0.392599,0.364036,0.289401,0.274011,0.226157,0.191806,0.197726,0.178861,0.145693,0.126582,0.105238,0.0876456,0.103185,0.0623284,0.0416983,0.0742159,0.0681153,0.0530959,0.0615222,0.0747143,0.0829941,0.0339094,0.0424362,0.0884252,0.122817,0.125054,0.132168,0.0996685,0.186294,0.15211,0.160186,0.251653,0.340338,0.189377
0.657144,0.687302,0.656191,0.649301,0.634095,0.631014,0.634489,0.663692,0.609237,0.605282,0.631195,0.604646,0.621998,0.561441,0.544659,0.601963,0.559436,0.598373,0.577175,0.545068,0.533094,0.520952,0.520395,0.563833,0.499774,0.462793,0.513001,0.475239,0.438818,0.464486,0.40525,0.371108,0.3536,0.289157,0.265981,0.260062,0.209702,0.185485,0.141731,0.113424,0.1186,0.0937128,0.121274,0.0823574,0.0757785,0.0902638,0.0652742,0.0553396,0.0795567,0.0739939,0.0839844,0.0310664,0.0597897,0.0883632,0.0887542,0.0611169,0.0664941,0.153731,0.19775,0.221701,0.213539,0.258231,0.205244,0.2513,0.142384
0.685139,0.633605,0.640037,0.644508,0.636695,0.6329,0.664144,0.64444,0.626533,0.615816,0.600334,0.603438,0.571048,0.62234,0.607587,0.544302,0.566551,0.55837,0.570162,0.565359,0.542159,0.552868,0.495634,0.518787,0.541927,0.495002,0.478461,0.464296,0.463443,0.401472,0.422871,0.340915,0.351771,0.290898,0.243083,0.222473,0.223125,0.156584,0.178497,0.141964,0.117786,0.122669,0.0826356,0.0750889,0.0564854,0.071335,0.0538593,0.0550678,0.0342915,0.0572494,0.0837389,0.0699327,0.0622559,0.0850749,0.0495239,0.132019,0.0685466,0.121076,0.117306,0.178823,0.181437,0.211153,0.373155,0.301594,0.417064
0.66731,0.630812,0.614389,0.63058,0.589973,0.636248,0.640409,0.621439,0.593785,0.605225,0.61607,0.586328,0.57965,0.603884,0.588109,0.56238,0.548497,0.57233,0.553988,0.561423,0.578395,0.570467,0.528817,0.461266,0.517816,0.477072,0.467453,0.44124,0.42902,0.465787,0.395751,0.375418,0.364691,0.301144,0.245059,0.235641,0.196797,0.170072,0.156795,0.152992,0.157466,0.105902,0.0915234,0.0753874,0.102018,0.0858801,0.0710699,0.0642445,0.081931,0.0590313,0.0980173,0.0598613,0.0598575,0.0796706,0.0508849,0.0681335,0.0728453,0.115076,0.125527,0.127998,0.193004,0.28704,0.154392,0.246959,0.188987
0.606185,0.640003,0.645264,0.603095,0.619642,0.620004,0.62136,0.605229,0.584686,0.583179,0.615799,0.620787,0.581541,0.57866,0.582021,0.563386,0.577752,0.534007,0.568401,0.531541,0.569833,0.533345,0.50623,0.545308,0.502046,0.505645,0.499126,0.437243,0.421506,0.427609,0.385639,0.367183,0.325473,0.281141,0.268355,0.255639,0.214203,0.183463,0.180012,0.172511,0.115988,0.114831,0.105524,0.0935548,0.0765215,0.0788279,0.0803643,0.0602784,0.0509303,0.0529028,0.0550724,0.0771841,0.102329,0.086335,0.0746101,0.119568,0.115847,0.153408,0.129868,0.137696,0.215987,0.111448,0.0959429,0.228533,0.345317
0.618551,0.604447,0.599138,0.622948,0.61844,0.608142,0.591724,0.581664,0.57704,0.600814,0.581081,0.571322,0.625181,0.554422,0.571145,0.553072,0.604102,0.543161,0.558332,0.569322,0.502496,0.507853,0.513241,0.53692,0.500005,0.498935,0.484463,0.459901,0.454925,0.449161,0.370091,0.384351,0.31373,0.302241,0.260717,0.227466,0.210758,0.191793,0.171514,0.181803,0.134816,0.137224,0.115308,0.0958888,0.0716344,0.0691995,0.0671545,0.0672491,0.0738393,0.0727782,0.0356529,0.0655019,0.101882,0.0533548,0.120288,0.100756,0.0927573,0.186991,0.141113,0.160302,0.247759,0.173669,0.186108,0.231746,0.142559
0.59379,0.608191,0.593093,0.588838,0.568902,0.57669,0.578416,0.577655,0.595132,0.584487,0.553362,0.565595,0.535317,0.564036,0.558643,0.53962,0.575696,0.594282,0.52781,0.518589,0.523661,0.562301,0.551665,0.476446,0.524873,0.497546,0.479191,0.445248,0.436586,0.408396,0.384936,0.349656,0.335923,0.290876,0.260337,0.23916,0.202603,0.186013,0.167136,0.139254,0.121401,0.129293,0.121183,0.0886742,0.0807096,0.0924414,0.0576253,0.0771666,0.0737523,0.0610704,0.0262151,0.0633074,0.0482022,0.072077,0.115404,0.0884076,0.0981822,0.108497,0.141101,0.208622,0.241207,0.174693,0.293777,0.308391,0.229134
0.607893,0.615407,0.575658,0.609192,0.610833,0.588907,0.613239,0.584473,0.532057,0.60242,0.547361,0.560739,0.552872,0.575696,0.55429,0.532633,0.56566,0.548234,0.551669,0.516494,0.527444,0.514725,0.500724,0.47728,0.503815,0.44173,0.457559,0.461945,0.43057,0.375986,0.407783,0.356123,0.3408,0.284072,0.278887,0.217937,0.203739,0.183398,0.197648,0.170141,0.136958,0.130805,0.117657,0.0857397,0.106334,0.0827653,0.0760329,0.0710144,0.0528075,0.0575997,0.0570074,0.0882754,0.06139,0.094028,0.10656,0.0350195,0.0893497,0.106171,0.153269,0.12727,0.226093,0.197968,0.271572,0.230828,0.255604
0.605674,0.568097,0.558483,0.537836,0.539953,0.559723,0.563013,0.572258,0.594658,0.582757,0.557613,0.566796,0.571252,0.557648,0.5656,0.552497,0.561164,0.510042,0.547785,0.535752,0.551667,0.527152,0.515941,0.473421,0.481207,0.482249,0.463187,0.388925,0.432723,0.379058,0.387417,0.348644,0.326419,0.272,0.244539,0.222289,0.221742,0.20405,0.150193,0.146642,0.136495,0.14287,0.132533,0.132334,0.0611573,0.098031,0.0763873,0.0887358,0.0669017,0.0793455,0.0666895,0.070164,0.0644698,0.117432,0.113135,0.086529,0.0638246,0.174184,0.183447,0.180253,0.136442,0.220825,0.236711,0.185107,0.428675
0.553758,0.548189,0.575003,0.577175,0.563339,0.593598,0.531935,0.626248,0.557124,0.572389,0.558645,0.518981,0.503488,0.518654,0.546593,0.528411,0.534442,0.509486,0.526392,0.520999,0.500488,0.503228,0.514883,0.485604,0.453968,0.43591,0.460453,0.462944,0.406672,0.387047,0.363464,0.328542,0.301995,0.287129,0.266932,0.208911,0.203666,0.181352,0.172115,0.162787,0.141763,0.117667,0.109721,0.105142,0.0703334,0.0700463,0.0790615,0.0502614,0.0654281,0.0567275,0.0841739,0.050465,0.0444851,0.0482703,0.0593613,0.0699942,0.0838186,0.0452552,0.152507,0.151991,0.198338,0.172054,0.283352,0.303525,0.388816
0.561816,0.520609,0.551977,0.564909,0.57335,0.550561,0.548339,0.547098,0.519021,0.548807,0.566554,0.522565,0.558921,0.556171,0.545378,0.540379,0.539199,0.523442,0.524395,0.510994,0.509421,0.48691,0.453081,0.46715,0.482559,0.462082,0.447773,0.435061,0.399758,0.359556,0.350585,0.336281,0.282314,0.274864,0.24733,0.236311,0.198723,0.184584,0.161809,0.162198,0.141046,0.123994,0.104625,0.107922,0.118887,0.0907881,0.0759115,0.0755957,0.0780043,0.0707481,0.0711502,0.0970952,0.0559714,0.0643752,0.0894623,0.118894,0.138238,0.0706689,0.11669,0.158318,0.130267,0.253391,0.311785,0.262963,0.289729
0.577109,0.545289,0.556923,0.534865,0.535336,0.518268,0.539386,0.54281,0.568825,0.548881,0.515156,0.497585,0.533403,0.509072,0.500134,0.527553,0.513423,0.503836,0.489531,0.492888,0.452943,0.466243,0.478591,0.452314,0.458185,0.436735,0.409634,0.409598,0.411224,0.35837,0.317189,0.310891,0.280683,0.283627,0.259988,0.203293,0.224376,0.17132,0.171321,0.152152,0.157654,0.114832,0.116241,0.0962004,0.107538,0.0804215,0.0676504,0.0802316,0.0788673,0.0769458,0.0799678,0.0986847,0.0734766,0.109311,0.120814,0.153216,0.0583479,0.107581,0.0659184,0.202322,0.156629,0.166639,0.243197,0.182218,0.331347
0.538053,0.523728,0.536155,0.535879,0.547083,0.553735,0.516203,0.503664,0.53134,0.528338,0.556926,0.532242,0.54989,0.522783,0.522868,0.505549,0.491747,0.506577,0.505704,0.470864,0.481674,0.475088,0.454533,0.447992,0.452518,0.415949,0.417123,0.372654,0.381368,0.343088,0.364869,0.315901,0.282428,0.282966,0.21549,0.224456,0.207121,0.197447,0.172906,0.165904,0.164984,0.145185,0.13759,0.105585,0.100696,0.0764639,0.0668956,0.0813711,0.0658251,0.0600565,0.0780743,0.0581867,0.0660866,0.0626392,0.105865,0.0839207,0.130437,0.132185,0.134871,0.13063,0.223326,0.330626,0.233984,0.334698,0.305106
0.532511,0.52204,0.506341,0.519998,0.533433,0.51905,0.511789,0.52222,0.523618,0.498994,0.520578,0.533047,0.510805,0.518494,0.475202,0.484634,0.474931,0.477861,0.440997,0.469326,0.470326,0.443336,0.46094,0.447126,0.436782,0.409195,0.372658,0.375539,0.377645,0.347123,0.332128,0.295357,0.254297,0.245835,0.218602,0.237771,0.210484,0.206044,0.168942,0.148535,0.174935,0.132359,0.11221,0.113874,0.0827469,0.108178,0.0972427,0.0662506,0.0827858,0.0894503,0.0797941,0.0694101,0.0524632,0.105102,0.111272,0.147311,0.1533,0.0809881,0.119914,0.221313,0.154324,0.150311,0.292264,0.373404,0.252914
0.516421,0.541678,0.488588,0.519408,0.537904,0.459357,0.519239,0.544481,0.528513,0.510281,0.485361,0.518334,0.485329,0.461714,0.487093,0.490894,0.435656,0.477714,0.48742,0.484976,0.474908,0.460604,0.429108,0.425393,0.4135,0.387931,0.346941,0.357486,0.349082,0.328569,0.334667,0.300954,0.2617,0.24908,0.232026,0.211587,0.193249,0.185836,0.153463,0.160647,0.161072,0.14593,0.142529,0.120467,0.0948746,0.0878301,0.107304,0.106263,0.0924342,0.0780382,0.0683718,0.0629388,0.104012,0.0761593,0.125729,0.101424,0.10352,0.112734,0.13582,0.100521,0.247355,0.260936,0.300701,0.367916,0.376601
0.511105,0.47097,0.514866,0.504264,0.505195,0.509155,0.524153,0.484762,0.500165,0.453094,0.486209,0.43411,0.492974,0.452194,0.459879,0.454166,0.441621,0.454935,0.477425,0.473037,0.414157,0.418249,0.460086,0.453783,0.419893,0.392625,0.366409,0.358859,0.31094,0.310629,0.309873,0.288449,0.265943,0.249169,0.218272,0.217528,0.199755,0.203857,0.166237,0.155822,0.157498,0.125988,0.127421,0.123151,0.104491,0.0981698,0.0896269,0.0916451,0.0764325,0.0738289,0.0918217,0.059679,0.0969077,0.0593021,0.0685604,0.117801,0.0872351,0.149199,0.126089,0.274894,0.244844,0.32192,0.229016,0.321321,0.343874
0.503471,0.503909,0.476359,0.483028,0.483733,0.46875,0.435864,0.447712,0.49797,0.466752,0.472501,0.48064,0.453296,0.464426,0.459308,0.45027,0.44978,0.421038,0.434321,0.443135,0.440401,0.396628,0.366229,0.368211,0.36065,0.347937,0.357118,0.324411,0.323812,0.279138,0.289708,0.282526,0.266132,0.221483,0.2268,0.18563,0.16974,0.184052,0.153976,0.158339,0.149952,0.134304,0.135336,0.142517,0.127689,0.100402,0.0934881,0.086139,0.0715711,0.0951667,0.0768237,0.093591,0.0765083,0.0470918,0.0655157,0.0571514,0.105799,0.162844,0.178103,0.216233,0.150333,0.264227,0.270359,0.354961,0.110723
0.452746,0.461619,0.46182,0.468039,0.452401,0.474732,0.420295,0.414357,0.455512,0.478962,0.45291,0.425343,0.482195,0.42605,0.445058,0.389926,0.439672,0.43378,0.425333,0.378299,0.416893,0.368531,0.378721,0.355193,0.352129,0.339007,0.327381,0.303386,0.273177,0.285175,0.259043,0.254471,0.207355,0.228848,0.208804,0.197183,0.1776,0.183552,0.167638,0.158012,0.157617,0.144043,0.137429,0.116236,0.105679,0.102947,0.0898206,0.10389,0.088403,0.0822182,0.0865689,0.0670227,0.0750867,0.0789722,0.104406,0.136967,0.135285,0.177534,0.151798,0.169283,0.222379,0.211384,0.276291,0.305052,0.230796
0.44814,0.433916,0.432287,0.427037,0.403079,0.408123,0.42387,0.414511,0.431602,0.430112,0.427466,0.382772,0.428759,0.413491,0.388783,0.402668,0.433165,0.391764,0.388117,0.379154,0.375688,0.371686,0.341847,0.362961,0.343348,0.299836,0.331681,0.321124,0.276083,0.285418,0.259202,0.226822,0.248175,0.203918,0.231514,0.206328,0.202331,0.181887,0.183369,0.184381,0.154296,0.149596,0.150409,0.141148,0.151973,0.0801401,0.121022,0.0922863,0.0637286,0.0598494,0.0822672,0.0956291,0.0506652,0.0709373,0.0579631,0.0998306,0.121084,0.148635,0.0787332,0.280436,0.278303,0.146457,0.257532,0.28338,0.156811
0.420922,0.418,0.368565,0.39066,0.431871,0.374345,0.391915,0.392545,0.420187,0.399407,0.368149,0.368209,0.390399,0.376952,0.376631,0.340535,0.352199,0.355327,0.336701,0.37282,0.357166,0.348637,0.333709,0.289491,0.343076,0.31388,0.26857,0.281592,0.257116,0.242036,0.247854,0.200791,0.232454,0.216167,0.219855,0.186637,0.209652,0.177234,0.184638,0.150996,0.183682,0.149257,0.130018,0.142786,0.109259,0.116646,0.0844927,0.107772,0.0682415,0.0833227,0.119548,0.11078,0.100673,0.0989937,0.106644,0.124566,0.0499797,0.205128,0.0953635,0.188718,0.236071,0.227958,0.308253,0.29824,0.390087
0.381395,0.348598,0.393476,0.363769,0.388763,0.387842,0.35633,0.380642,0.371229,0.346683,0.338658,0.385986,0.378111,0.361831,0.36057,0.353216,0.363456,0.353801,0.318261,0.319227,0.31385,0.283626,0.284424,0.296592,0.286611,0.273966,0.281725,0.272924,0.264997,0.241139,0.244641,0.214215,0.214194,0.212957,0.205697,0.179431,0.176465,0.184486,0.17181,0.16064,0.157504,0.152034,0.142851,0.143171,0.123514,0.133762,0.116645,0.12089,0.0972599,0.108479,0.0749256,0.102251,0.124007,0.108936,0.117951,0.108838,0.164555,0.122889,0.228395,0.182766,0.173268,0.329585,0.231778,0.393506,0.344188
0.345627,0.367793,0.335356,0.338657,0.337994,0.316854,0.343359,0.317156,0.378681,0.349911,0.322209,0.363136,0.330972,0.290953,0.328589,0.315097,0.289301,0.299439,0.298331,0.278681,0.304372,0.294854,0.270042,0.276814,0.258318,0.235841,0.257332,0.239859,0.235013,0.223496,0.22429,0.225698,0.210461,0.216507,0.193499,0.198505,0.18763,0.155308,0.171988,0.150488,0.158122,0.154421,0.15082,0.148876,0.131152,0.124444,0.102332,0.114406,0.0943404,0.0945716,0.061638,0.113119,0.127041,0.0630529,0.120606,0.112528,0.125385,0.137749,0.181079,0.204254,0.229874,0.198113,0.217187,0.274495,0.404428
0.31486,0.284993,0.323598,0.301489,0.315003,0.310138,0.300467,0.319681,0.314422,0.327496,0.314553,0.298009,0.313292,0.297516,0.310236,0.291927,0.294225,0.287191,0.266524,0.294945,0.282287,0.287684,0.274916,0.233819,0.271941,0.258649,0.248758,0.261588,0.229378,0.236528,0.192067,0.211284,0.226748,0.194432,0.198446,0.175615,0.186955,0.179385,0.155188,0.162231,0.167156,0.166607,0.150651,0.151001,0.151655,0.14909,0.155721,0.122155,0.0917505,0.118583,0.111749,0.0837758,0.108417,0.118718,0.105056,0.122505,0.120089,0.128105,0.100437,0.248918,0.202624,0.176612,0.340569,0.31047,0.225799
0.256869,0.306432,0.277611,0.279099,0.265962,0.295241,0.286835,0.279282,0.256197,0.263091,0.293962,0.27057,0.281027,0.25966,0.27427,0.276404,0.283804,0.268523,0.27657,0.252613,0.259175,0.249801,0.225172,0.225211,0.218739,0.213411,0.235202,0.231617,0.219581,0.19956,0.176086,0.206059,0.198681,0.192796,0.190924,0.190572,0.175445,0.180058,0.150383,0.167078,0.146357,0.150988,0.140997,0.128455,0.137201,0.134705,0.122509,0.135298,0.126899,0.10662,0.0602466,0.117556,0.120626,0.115185,0.112152,0.138824,0.0940814,0.130452,0.153851,0.14882,0.216343,0.188683,0.406243,0.20975,0.327735
0.27776,0.267326,0.250903,0.259524,0.242395,0.243073,0.254736,0.259638,0.258316,0.24679,0.250993,0.260366,0.258611,0.263437,0.244462,0.237836,0.25856,0.247794,0.245769,0.233415,0.234083,0.229673,0.247608,0.227773,0.212233,0.238556,0.219325,0.197127,0.213283,0.201107,0.190428,0.185658,0.179208,0.197594,0.172694,0.175964,0.17887,0.183064,0.16804,0.164754,0.167191,0.141623,0.153968,0.150288,0.156445,0.136328,0.136458,0.146784,0.116717,0.138187,0.123632,0.115637,0.127052,0.111451,0.101561,0.114989,0.151464,0.168818,0.237392,0.190356,0.251857,0.229813,0.255316,0.329101,0.308069
0.231647,0.248885,0.26,0.238944,0.24035,0.249849,0.234982,0.232087,0.247563,0.235827,0.238252,0.26037,0.253246,0.241836,0.238828,0.237432,0.235623,0.218811,0.244909,0.20809,0.224065,0.227468,0.219616,0.236349,0.209739,0.194859,0.231537,0.183091,0.209304,0.205875,0.19958,0.201464,0.177842,0.189749,0.181011,0.166985,0.170739,0.15909,0.172261,0.15502,0.14769,0.1674,0.142871,0.158989,0.163606,0.14511,0.123482,0.124758,0.117391,0.114766,0.14308,0.137301,0.098101,0.159702,0.160943,0.129696,0.207132,0.189559,0.248975,0.184183,0.255949,0.319893,0.219891,0.37109,0.366883
0.217122,0.235918,0.237501,0.211665,0.244735,0.232301,0.220219,0.24635,0.231695,0.227961,0.199651,0.237632,0.209891,0.226931,0.236374,0.224385,0.202699,0.218271,0.218127,0.217126,0.20465,0.212651,0.206445,0.212259,0.20935,0.194933,0.207952,0.199511,0.200436,0.184529,0.181037,0.193811,0.166165,0.171303,0.171444,0.157435,0.157884,0.17149,0.150192,0.157184,0.137015,0.167707,0.14524,0.139425,0.163928,0.148323,0.152047,0.134173,0.136244,0.144909,0.133241,0.114106,0.164782,0.125927,0.161365,0.153517,0.178628,0.147971,0.228129,0.241376,0.266698,0.257029,0.263566,0.256259,0.381823
0.216419,0.237217,0.224964,0.23378,0.218614,0.219774,0.235396,0.194758,0.197123,0.207045,0.21442,0.20026,0.21389,0.215179,0.196017,0.198999,0.209834,0.209528,0.222367,0.210234,0.207572,0.203151,0.190624,0.195685,0.191343,0.196728,0.186137,0.186422,0.180249,0.183702,0.157063,0.185499,0.173069,0.160858,0.186157,0.163376,0.145607,0.148991,0.167829,0.161498,0.173829,0.152582,0.147345,0.150609,0.134639,0.155447,0.150121,0.139105,0.147072,0.147653,0.136463,0.129324,0.124174,0.157945,0.139302,0.151914,0.143264,0.162785,0.200201,0.160475,0.32077,0.272967,0.307045,0.387448,0.249338
0.209955,0.195219,0.214188,0.196671,0.207848,0.194071,0.18802,0.223876,0.211706,0.203682,0.187339,0.230113,0.20325,0.201942,0.195902,0.197112,0.204907,0.22155,0.21892,0.19673,0.198092,0.192348,0.175375,0.166966,0.188793,0.199658,0.172658,0.202592,0.190993,0.180179,0.172226,0.177567,0.180832,0.175342,0.183689,0.157053,0.161228,0.166747,0.156062,0.146835,0.163905,0.157288,0.135473,0.138947,0.148272,0.131656,0.129804,0.15985,0.155537,0.16952,0.153684,0.119872,0.131599,0.154636,0.145915,0.157816,0.180445,0.222389,0.171021,0.148892,0.250393,0.254382,0.275236,0.359374,0.406263
0.191569,0.216324,0.205956,0.203401,0.199066,0.190177,0.207924,0.202241,0.195951,0.189536,0.206787,0.19431,0.201993,0.214868,0.201492,0.182096,0.212776,0.199208,0.177179,0.17652,0.201901,0.200565,0.208801,0.182053,0.188661,0.194522,0.180717,0.186447,0.180679,0.184312,0.167558,0.170163,0.168643,0.176044,0.158758,0.158466,0.160527,0.172028,0.157914,0.142216,0.147633,0.149976,0.164738,0.160308,0.149772,0.154812,0.178772,0.157017,0.153874,0.155865,0.16172,0.178128,0.180529,0.147055,0.160985,0.160241,0.238718,0.238265,0.239475,0.261823,0.324001,0.248043,0.422764,0.341889,0.377332
0.208393,0.192761,0.197395,0.195167,0.199854,0.191533,0.202934,0.179929,0.183658,0.177234,0.185658,0.18021,0.205808,0.192005,0.190576,0.176394,0.190679,0.197163,0.195038,0.189223,0.176063,0.186034,0.1783,0.177525,0.187151,0.192041,0.18744,0.174062,0.168247,0.163991,0.166634,0.171612,0.147247,0.163757,0.158161,0.177944,0.152607,0.159217,0.161016,0.154905,0.149405,0.163969,0.161518,0.146521,0.149215,0.173195,0.174983,0.154223,0.164399,0.163231,0.164429,0.164845,0.19659,0.182162,0.179764,0.202218,0.236125,0.155243,0.223524,0.265845,0.281574,0.296754,0.24718,0.467137,0.496868
0.184604,0.213532,0.20768,0.181292,0.19491,0.208693,0.186358,0.188747,0.178196,0.209333,0.198461,0.190487,0.172033,0.186961,0.207019,0.206251,0.197526,0.187497,0.172758,0.180838,0.185821,0.178979,0.179791,0.193494,0.184884,0.20082,0.185664,0.179003,0.178453,0.175497,0.174071,0.176964,0.157455,0.148271,0.166276,0.146891,0.152154,0.163807,0.159721,0.141058,0.138134,0.148615,0.139453,0.159611,0.174775,0.156471,0.157341,0.164402,0.1695,0.164562,0.170691,0.178023,0.186729,0.190277,0.185625,0.142984,0.204441,0.223644,0.25934,0.286637,0.209103,0.365194,0.244076,0.296042,0.365783
0.194535,0.197094,0.17138,0.185203,0.185488,0.178875,0.179851,0.198332,0.185092,0.194331,0.182777,0.201473,0.193393,0.180484,0.168788,0.190766,0.211028,0.190942,0.180864,0.182385,0.201464,0.171215,0.182289,0.195299,0.194906,0.178954,0.174978,0.152652,0.153663,0.170632,0.179326,0.170507,0.149617,0.14862,0.164776,0.16437,0.152302,0.169324,0.161323,0.150055,0.164983,0.168813,0.165872,0.156816,0.169053,0.166648,0.169048,0.170529,0.174107,0.181122,0.18237,0.192944,0.18911,0.192167,0.210073,0.193261,0.189692,0.251775,0.197579,0.17192,0.22194,0.332567,0.300416,0.329495,0.392213
0.192397,0.176688,0.179035,0.183085,0.195332,0.190858,0.207448,0.194298,0.195026,0.206819,0.211786,0.181628,0.185036,0.1907,0.185182,0.192257,0.155189,0.182851,0.173331,0.171627,0.195444,0.181345,0.181101,0.163924,0.166412,0.179271,0.199337,0.1894,0.186262,0.163786,0.166884,0.153285,0.170175,0.160117,0.162472,0.166806,0.150227,0.157092,0.169515,0.150206,0.150607,0.147035,0.17884,0.167875,0.16633,0.171322,0.169352,0.180461,0.193484,0.213862,0.20813,0.184478,0.204443,0.190401,0.214004,0.18932,0.239836,0.25666,0.313137,0.308859,0.363347,0.240087,0.265475,0.378113,0.379852
0.195351,0.186874,0.184423,0.184391,0.183975,0.179193,0.199038,0.193349,0.217667,0.189186,0.204632,0.196184,0.177285,0.173076,0.194274,0.205986,0.187534,0.183871,0.182697,0.192195,0.17836,0.168344,0.177293,0.179017,0.195152,0.195801,0.18398,0.168996,0.193322,0.189739,0.179113,0.184245,0.17951,0.183509,0.171168,0.172504,0.168639,0.180893,0.161496,0.147517,0.16409,0.168546,0.183946,0.161099,0.158396,0.183841,0.18178,0.200467,0.205045,0.169459,0.190213,0.208577,0.202684,0.229066,0.23434,0.232029,0.212559,0.262475,0.307871,0.342064,0.247072,0.359246,0.444041,0.268896,0.546488
0.220151,0.192066,0.203449,0.212517,0.191899,0.201896,0.209027,0.20665,0.198833,0.17971,0.182784,0.195597,0.20815,0.199911,0.183962,0.20943,0.189327,0.188296,0.204834,0.198624,0.185382,0.204366,0.180116,0.189334,0.176716,0.198712,0.19796,0.174718,0.203656,0.189114,0.169917,0.196533,0.166288,0.173158,0.18511,0.190659,0.174232,0.18045,0.154397,0.166617,0.174935,0.166191,0.154632,0.154455,0.170377,0.171674,0.183863,0.192748,0.188454,0.200394,0.195948,0.224146,0.220885,0.219082,0.255624,0.250404,0.275919,0.299768,0.300334,0.346328,0.39777,0.345475,0.44138,0.387183,0.521859
0.212509,0.197312,0.207216,0.222144,0.201512,0.23622,0.196616,0.190783,0.19523,0.201865,0.195904,0.192621,0.226619,0.204893,0.202425,0.199313,0.212947,0.225367,0.211679,0.18529,0.195219,0.194534,0.188881,0.217258,0.208185,0.215694,0.189774,0.216426,0.182865,0.205032,0.166171,0.172477,0.189549,0.184116,0.174328,0.188443,0.199418,0.206128,0.170235,0.17372,0.18206,0.184652,0.188053,0.182845,0.174936,0.202865,0.196727,0.201244,0.206906,0.205738,0.208734,0.209014,0.229929,0.26467,0.240604,0.254274,0.287326,0.33951,0.343946,0.319274,0.358634,0.460222,0.466402,0.421547,0.4646
0.21051,0.200147,0.235493,0.222021,0.23927,0.207091,0.196473,0.193654,0.187384,0.212168,0.201012,0.199109,0.216864,0.205433,0.234447,0.231535,0.204986,0.211314,0.216753,0.178626,0.209619,0.195303,0.216413,0.206765,0.216777,0.211162,0.205789,0.185998,0.196057,0.220003,0.196304,0.202854,0.184504,0.19881,0.202106,0.183212,0.186421,0.18859,0.187862,0.186669,0.195262,0.19032,0.181135,0.173622,0.192663,0.199403,0.195159,0.209774,0.219611,0.206828,0.215567,0.235478,0.238846,0.263714,0.249665,0.304787,0.294631,0.302327,0.340672,0.395495,0.391528,0.453878,0.315638,0.447283,0.507393
0.232043,0.232974,0.21991,0.22438,0.231038,0.236322,0.241124,0.192006,0.242522,0.209168,0.233235,0.221657,0.227825,0.222314,0.206243,0.234505,0.203253,0.230006,0.201643,0.229403,0.228228,0.196927,0.206179,0.221831,0.218715,0.207967,0.222965,0.237971,0.221958,0.196644,0.199322,0.217257,0.199688,0.198884,0.213855,0.184522,0.198674,0.214347,0.210085,0.187964,0.198499,0.21283,0.197657,0.20953,0.189623,0.196629,0.200548,0.210571,0.218069,0.223106,0.23016,0.223694,0.260378,0.263047,0.288038,0.28845,0.311493,0.337094,0.373609,0.373681,0.437352,0.363381,0.347746,0.452204,0.342023
0.261409,0.247545,0.244586,0.243416,0.24356,0.216225,0.25208,0.241386,0.259645,0.238554,0.265496,0.251333,0.264299,0.236275,0.205371,0.25071,0.252638,0.262272,0.268852,0.247758,0.217987,0.227928,0.230563,0.232827,0.242854,0.219265,0.218426,0.233204,0.247086,0.221348,0.228934,0.195449,0.248527,0.237204,0.222908,0.214228,0.231391,0.222967,0.2397,0.212814,0.209185,0.217132,0.217753,0.203699,0.206768,0.202357,0.206452,0.236743,0.226031,0.222379,0.248005,0.248232,0.27564,0.272228,0.295762,0.331606,0.33748,0.357774,0.401593,0.426843,0.433348,0.409136,0.499949,0.489144,0.601875
0.261218,0.297214,0.282824,0.257516,0.25099,0.256793,0.24688,0.247314,0.263577,0.260932,0.250706,0.253112,0.267674,0.271732,0.261207,0.285923,0.257367,0.262527,0.262862,0.222504,0.244876,0.278901,0.263235,0.251469,0.239446,0.239581,0.25894,0.242736,0.221382,0.248322,0.23116,0.243009,0.234863,0.236377,0.281042,0.239196,0.23802,0.223398,0.210277,0.235608,0.245955,0.239549,0.227516,0.226844,0.223887,0.23401,0.229411,0.247465,0.256787,0.229435,0.249637,0.268035,0.274043,0.3182,0.304924,0.325503,0.341632,0.37374,0.411558,0.411572,0.439206,0.459449,0.536332,0.56969,0.528301
0.303949,0.287068,0.294598,0.28516,0.259683,0.272571,0.277923,0.258808,0.284005,0.310872,0.250201,0.289506,0.309273,0.268219,0.248,0.263977,0.222031,0.252885,0.262811,0.251445,0.284569,0.251969,0.260038,0.287323,0.252699,0.250972,0.269713,0.283299,0.297613,0.265738,0.260188,0.277046,0.265963,0.273197,0.238923,0.270154,0.242977,0.292647,0.242354,0.27153,0.234749,0.225241,0.248512,0.259374,0.276495,0.239188,0.247904,0.227555,0.241739,0.246236,0.257574,0.294653,0.290691,0.294597,0.32785,0.34829,0.359458,0.410625,0.420476,0.444485,0.487182,0.518726,0.563369,0.616395,0.638866
0.325361,0.289058,0.328044,0.319775,0.301169,0.268656,0.317312,0.280009,0.280901,0.329873,0.310644,0.309988,0.2896,0.296218,0.306613,0.326664,0.291865,0.317293,0.291934,0.256787,0.309453,0.309116,0.333844,0.300378,0.296276,0.329702,0.306575,0.281618,0.292243,0.293798,0.314004,0.313892,0.282092,0.272737,0.319186,0.269545,0.288108,0.297859,0.258662,0.313785,0.292127,0.273897,0.273452,0.249282,0.250027,0.283905,0.276734,0.244609,0.271939,0.290256,0.299459,0.301776,0.302309,0.309233,0.346367,0.364529,0.369083,0.425845,0.444632,0.45374,0.502752,0.55563,0.546806,0.65071,0.66866
0.31291,0.341639,0.363409,0.357845,0.340028,0.352268,0.317902,0.345318,0.355539,0.336829,0.301591,0.287823,0.344615,0.323064,0.354475,0.298013,0.331486,0.377465,0.3198,0.318004,0.314355,0.326866,0.331826,0.339583,0.361952,0.281481,0.321207,0.319441,0.292419,0.328296,0.323583,0.306456,0.315629,0.301482,0.311076,0.304786,0.329586,0.282916,0.286377,0.306107,0.30829,0.329226,0.290321,0.310717,0.286359,0.316504,0.279369,0.274358,0.311418,0.293872,0.314191,0.294235,0.340413,0.319157,0.346589,0.37434,0.372098,0.423958,0.480853,0.507532,0.516788,0.552921,0.594886,0.647022,0.665898
0.321399,0.392556,0.339624,0.374878,0.358132,0.33634,0.397683,0.415735,0.342266,0.390674,0.36227,0.357223,0.380367,0.374268,0.347043,0.348126,0.361083,0.361943,0.352226,0.403373,0.343069,0.34049,0.318559,0.377445,0.358436,0.374231,0.36076,0.373747,0.346228,0.342701,0.35035,0.337029,0.36021,0.324569,0.312629,0.380354,0.383428,0.32625,0.355966,0.352272,0.320553,0.299441,0.299301,0.330111,0.306878,0.31767,0.296295,0.332821,0.327884,0.302832,0.32339,0.342943,0.331201,0.366618,0.387564,0.402657,0.399664,0.440145,0.482064,0.501822,0.509972,0.568245,0.596058,0.634305,0.70311
0.425557,0.45417,0.410415,0.391889,0.384741,0.448087,0.404431,0.437476,0.387468,0.437508,0.392628,0.392831,0.376378,0.391073,0.361828,0.388879,0.406046,0.369558,0.403338,0.339946,0.399131,0.381402,0.351934,0.366569,0.371396,0.35402,0.411395,0.367523,0.370525,0.41435,0.371028,0.345632,0.423916,0.431729,0.346372,0.397807,0.365323,0.41063,0.328767,0.326903,0.358306,0.357739,0.421194,0.401892,0.321398,0.336125,0.368924,0.363639,0.354138,0.367462,0.359933,0.354674,0.37322,0.409783,0.415121,0.433183,0.439545,0.466807,0.494199,0.544903,0.563995,0.592989,0.644237,0.698762,0.765859
0.398241,0.492376,0.483486,0.483645,0.488863,0.491034,0.438685,0.502661,0.417038,0.405086,0.511624,0.408925,0.43392,0.483739,0.418435,0.428189,0.449275,0.441828,0.444193,0.4461,0.391586,0.458032,0.33623,0.353683,0.41749,0.344865,0.47401,0.386386,0.465959,0.450812,0.442465,0.435748,0.400624,0.403794,0.440111,0.389325,0.337605,0.37921,0.465407,0.427148,0.433316,0.409395,0.44306,0.372961,0.328809,0.380372,0.398142,0.353704,0.371183,0.468889,0.382512,0.383024,0.41323,0.413936,0.406762,0.450733,0.491832,0.505628,0.502517,0.55885,0.580309,0.641298,0.66808,0.716034,0.735202
0.471985,0.537115,0.570446,0.518987,0.420247,0.541855,0.578282,0.498567,0.51099,0.488672,0.569845,0.467485,0.472245,0.514585,0.51055,0.56878,0.487871,0.479829,0.434546,0.456813,0.523794,0.484328,0.503059,0.493802,0.537081,0.513378,0.5293,0.411492,0.506821,0.473994,0.456287,0.529495,0.416251,0.509333,0.440795,0.50039,0.459797,0.427541,0.458728,0.481624,0.476541,0.507067,0.462674,0.462085,0.412715,0.501474,0.480899,0.420417,0.433999,0.417678,0.424906,0.441406,0.445627,0.44601,0.443571,0.501257,0.501862,0.517104,0.570859,0.581275,0.623986,0.651186,0.702022,0.721705,0.779521
0.544645,0.51678,0.634025,0.634615,0.524725,0.631799,0.56432,0.526332,0.52526,0.525445,0.585572,0.633963,0.534409,0.531271,0.536637,0.622893,0.546937,0.455157,0.607621,0.519745,0.520648,0.485845,0.446197,0.622745,0.473649,0.460874,0.525637,0.575569,0.540795,0.498026,0.565798,0.58378,0.517815,0.490049,0.509198,0.49058,0.499943,0.546712,0.524058,0.605455,0.41213,0.488527,0.38399,0.608009,0.533869,0.564535,0.481845,0.426305,0.412603,0.479082,0.453528,0.424374,0.46629,0.491367,0.481769,0.492773,0.517187,0.562966,0.562052,0.613853,0.644086,0.682427,0.715204,0.786383,0.831595
0.590838,0.634384,0.623391,0.673095,0.640703,0.732371,0.696491,0.608526,0.646307,0.574464,0.542935,0.670088,0.612892,0.628899,0.616187,0.659825,0.68151,0.513174,0.556726,0.648755,0.626099,0.482669,0.634365,0.705908,0.604678,0.462394,0.627735,0.565737,0.49224,0.67862,0.604358,0.62687,0.570372,0.633879,0.503696,0.588263,0.627036,0.575329,0.484655,0.626273,0.600726,0.615731,0.663016,0.566805,0.57744,0.591207,0.553886,0.565434,0.515213,0.508727,0.541714,0.529209,0.492687,0.51601,0.553596,0.558183,0.579483,0.600942,0.626434,0.681924,0.661396,0.732854,0.781643,0.888298,0.832001
0.828355,0.627207,0.766997,0.748216,0.695211,0.614136,0.775498,0.682722,0.780394,0.726223,0.658022,0.672641,0.698276,0.644143,0.747862,0.721671,0.831997,0.643526,0.803521,0.698194,0.6887,0.592344,0.648476,0.722746,0.725768,0.740389,0.624778,0.64734,0.714121,0.740263,0.660857,0.560075,0.654931,0.631651,0.593975,0.694713,0.671926,0.577883,0.706248,0.626478,0.719608,0.530675,0.686689,0.644421,0.75055,0.544146,0.612559,0.531539,0.608202,0.57468,0.550991,0.547237,0.57129,0.573785,0.601128,0.571357,0.581844,0.621031,0.642572,0.698856,0.779997,0.74636,0.802008,0.866212,0.868088
0.794948,0.777102,0.684103,0.860458,0.728687,0.798909,0.677925,0.757901,0.706961,0.695116,0.590062,0.76881,0.868293,0.749381,0.724205,0.910938,0.81883,0.72539,0.890018,0.796439,0.748811,0.698677,0.796232,0.778157,0.653218,0.79373,0.683745,0.792837,0.735948,0.733764,0.817852,0.783744,0.623121,0.810396,0.761853,0.775902,0.686457,0.831625,0.663284,0.660627,0.72138,0.827038,0.639044,0.64796,0.655911,0.708101,0.614407,0.595062,0.621746,0.639732,0.577188,0.600994,0.654866,0.618532,0.671659,0.62884,0.654787,0.682154,0.709322,0.706585,0.764329,0.811601,0.827065,0.864779,0.950831
0.844038,0.929143,0.99845,0.802533,0.832091,0.954893,0.981807,0.92555,0.817377,0.753347,0.865508,0.831199,0.83585,0.859417,0.881614,0.913669,0.926675,0.805829,1.02025,0.836634,0.99663,0.68088,0.791573,0.732147,1.00092,0.861911,0.805993,0.755193,0.808723,0.718208,0.87723,0.892692,0.872778,0.82537,0.940272,0.833659,0.748467,0.811542,0.834285,0.761144,0.669433,0.918459,0.771045,0.747942,0.756214,0.609455,0.794575,0.645162,0.853689,0.757432,0.682535,0.700104,0.792963,0.644935,0.676087,0.694631,0.727014,0.780071,0.742335,0.744444,0.790314,0.878635,0.897694,0.958987,0.995057
